crossing time (s)	slope (V/s)	crossing number
3681.472232	44.569854	1224
3681.959257	-2.340383	1225
3682.485574	39.869631	1226
3683.465563	41.007916	1227
3684.591280	37.965297	1228
3685.531961	34.765235	1229
3686.553176	35.995838	1230
3687.522748	31.663682	1231
3688.585434	35.229807	1232
3689.563018	30.045873	1233
3690.620569	33.841027	1234
3691.705651	30.993410	1235
3692.683139	32.790554	1236
3693.677373	32.792733	1237
3694.752994	30.160964	1238
3695.724767	28.485603	1239
3696.773714	28.845600	1240
3697.729185	24.705605	1241
3698.793080	28.987574	1242
3699.795126	26.295231	1243
3700.890852	25.815302	1244
3701.831635	23.611388	1245
3702.860386	26.231636	1246
3703.828248	24.813603	1247
3704.848763	24.160677	1248
3705.866980	23.788179	1249
3706.943005	21.507906	1250
3707.896218	26.812463	1251
3708.941114	21.244073	1252
3709.915836	21.631924	1253
3711.018814	22.170438	1254
3712.022940	20.361191	1255
3713.027325	17.935369	1256
3714.006128	18.417820	1257
3715.093730	20.563762	1258
3716.082990	19.606818	1259
3717.077737	19.631357	1260
3718.090651	15.777036	1261
3718.611033	-5.350891	1262
3719.181734	16.513097	1263
3720.156885	15.429652	1264
3721.155850	16.486690	1265
3722.183719	17.627153	1266
3723.209150	15.741972	1267
3724.177297	15.682740	1268
3725.258680	13.382551	1269
3726.249356	14.712910	1270
3727.316867	16.578591	1271
3728.270543	12.174273	1272
3729.281205	15.296585	1273
3730.270231	14.110455	1274
3731.325264	14.982995	1275
3732.375039	9.179875	1276
3733.358494	12.000337	1277
3734.367092	13.425972	1278
3735.433197	10.715122	1279
3736.412163	12.120086	1280
3737.451582	12.801944	1281
3738.441982	14.939336	1282
3739.495005	7.019816	1283
3740.435209	9.065987	1284
3741.519022	11.413927	1285
3742.565970	8.437853	1286
3743.010589	-6.159019	1287
3743.581879	9.167830	1288
3744.537093	10.773000	1289
3745.591406	9.991811	1290
3746.538113	5.747910	1291
3747.641797	8.192821	1292
3748.110917	-6.121048	1293
3748.613201	11.362835	1294
3749.680111	7.803489	1295
3750.650783	10.386278	1296
3751.698103	5.727606	1297
3752.685389	6.714233	1298
3753.727590	8.994763	1299
3754.202596	-5.921057	1300
3754.756954	8.099100	1301
3755.213002	-5.911606	1302
3755.716253	6.685117	1303
3756.743601	8.668660	1304
3757.793554	4.018043	1305
3758.784635	7.093344	1306
3759.876010	7.057132	1307
3760.775278	4.338167	1308
3761.880389	4.338714	1309
3762.816068	5.492555	1310
3763.939014	7.399131	1311
3764.887239	7.532122	1312
3765.987224	5.016460	1313
3766.898894	6.017022	1314
3768.020426	1.465338	1315
3768.932454	4.415284	1316
3770.047576	5.220151	1317
3771.011890	6.340825	1318
3772.078200	5.431544	1319
3772.984424	6.405925	1320
3774.152459	4.938359	1321
3775.052397	6.041822	1322
3776.192779	5.594613	1323
3777.049271	4.811551	1324
3778.207653	3.499396	1325
3779.077034	1.436455	1326
3780.229050	2.318268	1327
3781.101630	3.397516	1328
3782.289954	5.480679	1329
3783.191001	2.411378	1330
3784.281303	4.674699	1331
3785.246727	5.542251	1332
3786.296069	3.249998	1333
3787.290934	2.415037	1334
3787.775417	-1.339484	1335
3788.325188	6.081008	1336
3788.786023	-2.993948	1337
3789.289799	8.511424	1338
3789.821886	-3.028670	1339
3790.412815	3.519448	1340
3791.396681	-1.661501	1341
3792.440339	5.422132	1342
3793.304713	-1.646550	1343
3793.832936	-5.165556	1344
3794.501002	5.460664	1345
3795.415866	2.817014	1346
3796.467961	4.378403	1347
3797.506169	2.014230	1348
3798.524354	3.645654	1349
3799.491383	1.464380	1350
3800.556812	0.644721	1351
3801.537843	3.333539	1352
3802.627770	5.101964	1353
3803.477857	5.697637	1354
3804.676717	2.369554	1355
3805.616827	0.639811	1356
3806.735643	-0.177881	1357
3807.671823	0.561325	1358
3808.784005	2.943249	1359
3809.090826	-1.146790	1360
3809.610384	5.332811	1361
3810.194860	-9.758851	1362
3810.216052	-8.485180	1363
3810.790731	-1.745013	1364
3811.662759	4.449851	1365
3812.820878	3.446478	1366
3813.671124	3.238592	1367
3814.849354	1.418121	1368
3815.195007	-0.151678	1369
3815.749865	1.729772	1370
3816.887361	0.785454	1371
3817.741769	3.405462	1372
3818.974418	1.538855	1373
3819.231620	1.002670	1374
3819.822057	3.214717	1375
3820.953574	1.045168	1376
3821.287300	-1.259391	1377
3821.848924	1.714373	1378
3823.060700	2.443039	1379
3823.294778	-0.652888	1380
3823.894914	1.461539	1381
3825.106961	1.279886	1382
3825.323410	-0.170489	1383
3825.884470	1.855467	1384
3827.137078	-0.006198	1385
3827.366291	-0.033499	1386
3828.001583	2.173253	1387
3828.405775	-1.039151	1388
3829.124074	0.713949	1389
3829.373480	-0.532906	1390
3830.025604	2.782634	1391
3830.399627	-1.825371	1392
3831.078039	3.773806	1393
3832.206102	0.422545	1394
3833.156889	1.667956	1395
3834.148007	2.970591	1396
3835.180884	0.168658	1397
3836.140388	2.634864	1398
3836.467008	0.563897	1399
3837.238278	1.884668	1400
3837.509828	-1.077425	1401
3838.160533	-0.087034	1402
3838.538971	-1.011097	1403
3839.400957	-0.833865	1404
3840.167687	2.135528	1405
3840.559701	0.971078	1406
3841.458486	1.306091	1407
3842.223723	0.470175	1408
3842.607517	0.396111	1409
3843.427233	1.637541	1410
3844.274198	3.901591	1411
3844.592089	0.869918	1412
3845.411769	0.573458	1413
3845.628188	-1.260900	1414
3846.348285	2.641303	1415
3847.401297	3.624022	1416
3848.395477	1.528819	1417
3848.649018	-0.830269	1418
3849.434933	2.715250	1419
3849.708605	0.694951	1420
3850.428425	-0.668370	1421
3851.468619	-0.860437	1422
3852.425646	0.022117	1423
3852.702875	-0.809926	1424
3853.488815	-2.631338	1425
3853.770506	-1.657387	1426
3854.483588	0.335908	1427
3855.667993	1.636070	1428
3856.639708	2.178918	1429
3857.651335	-0.821025	1430
3858.289845	-6.943678	1431
3858.744978	2.468546	1432
3860.560283	1.648047	1433
3860.810278	1.972822	1434
3861.127881	18.338205	1435
3861.801410	-1.173841	1436
3863.501011	72.479179	1437
