time (s)	magX	magY	magZ
365.777635	-288.537659	-148.104034	-1185.129761
365.782254	-287.427216	-147.227356	-1186.766113
365.785151	-286.316772	-146.701340	-1187.233765
365.788513	-285.556976	-146.292221	-1187.409180
365.791845	-284.680298	-146.292221	-1188.110474
365.795220	-283.745178	-144.714203	-1188.227295
365.798591	-282.985382	-144.889542	-1189.220947
365.801828	-282.985382	-144.305084	-1189.630005
365.804722	-282.342499	-144.188202	-1190.389893
365.808058	-281.115143	-143.545288	-1190.798828
365.811411	-279.653992	-143.019287	-1191.617065
365.814726	-279.244873	-142.493286	-1191.441772
365.818058	-278.192871	-141.207474	-1191.792480
365.821394	-277.491516	-140.973694	-1192.201660
365.824296	-275.971954	-140.038574	-1192.669067
365.827633	-275.913483	-139.337219	-1193.838013
365.830963	-275.036804	-139.161896	-1194.539307
365.834291	-273.341888	-138.226761	-1196.000610
365.837633	-272.582092	-137.466980	-1195.825195
365.840957	-271.822327	-136.356522	-1197.227905
365.844300	-271.062531	-136.473404	-1198.338379
365.847634	-269.250702	-135.421387	-1198.046143
365.850963	-267.848022	-134.310928	-1198.104614
365.854321	-267.438904	-133.668030	-1198.747437
365.857634	-266.679138	-133.258911	-1200.325439
365.860965	-265.217987	-132.732895	-1201.494385
365.864299	-263.873749	-131.563995	-1202.078857
365.867635	-263.230865	-130.687317	-1203.189331
365.870959	-261.886597	-129.810638	-1203.539917
365.874297	-260.600800	-128.992401	-1203.364624
365.877623	-259.431885	-128.057266	-1205.176514
365.880961	-258.204529	-127.063705	-1206.579102
365.884293	-257.210968	-125.894791	-1206.579102
365.887628	-255.632980	-124.667450	-1208.040283
365.890954	-254.580948	-123.732330	-1207.923462
365.894288	-253.061356	-123.323196	-1209.150757
365.897623	-251.775558	-122.212738	-1207.923462
365.900954	-250.022232	-121.043839	-1209.793701
365.904293	-248.502640	-119.933380	-1211.371704
365.907625	-246.866165	-118.589127	-1210.962646
365.910951	-245.288132	-118.063126	-1211.254761
365.914286	-244.177658	-116.601990	-1213.241943
365.917626	-243.184097	-115.140854	-1213.358765
365.920953	-241.722977	-114.556396	-1214.586182
365.924283	-240.028030	-113.329056	-1215.872070
365.927617	-238.508469	-111.751022	-1217.157715
365.931810	-235.118637	-109.588547	-1219.261719
365.935142	-234.008194	-107.659851	-1219.846313
365.938495	-232.430161	-106.257156	-1220.489136
365.941877	-231.085922	-105.848038	-1221.716553
365.945257	-229.040329	-104.796021	-1221.248901
365.948071	-227.520752	-103.451782	-1222.826904
365.951406	-225.942734	-101.523087	-1223.236084
365.954742	-224.423141	-100.295731	-1223.528320
365.958042	-222.611328	-99.009941	-1225.807617
365.961380	-220.857971	-97.139687	-1226.275269
365.964717	-219.221512	-96.146111	-1226.216797
365.967620	-218.286392	-94.684975	-1227.444214
365.970948	-216.766800	-92.990059	-1228.496216
365.974277	-215.071884	-91.236710	-1228.496216
365.977613	-213.669205	-90.360016	-1229.255981
365.980946	-211.565155	-89.074226	-1230.015747
365.984281	-210.104034	-86.970192	-1231.769043
365.987614	-208.584442	-85.450607	-1232.236694
365.990949	-206.831100	-84.223251	-1232.879517
365.994283	-205.369965	-82.703682	-1234.457642
365.997623	-203.616592	-81.242546	-1235.041992
366.000946	-201.921677	-78.904732	-1235.977173
366.004280	-200.226776	-77.969604	-1236.970703
366.007612	-198.648727	-76.157799	-1235.801758
366.011008	-196.603149	-75.281120	-1237.262939
366.014283	-194.323792	-73.001747	-1237.964355
366.017618	-192.979553	-70.780830	-1238.607178
366.020948	-191.459961	-69.553474	-1238.548706
366.024273	-189.063705	-67.098770	-1239.483887
366.027612	-186.725906	-65.929863	-1241.587891
366.030946	-184.797195	-63.825829	-1241.061890
366.034275	-183.219162	-62.423141	-1241.587891
366.037609	-180.706024	-60.435997	-1242.522949
366.040963	-178.718872	-58.857971	-1242.639893
366.044276	-176.965515	-57.805954	-1243.049072
366.047609	-174.803040	-55.234360	-1244.685547
366.050945	-172.932785	-53.948563	-1245.503662
366.054277	-170.594971	-51.961426	-1245.737549
366.057604	-168.490936	-50.032722	-1245.620605
366.060947	-166.620697	-48.571594	-1245.912842
366.064276	-164.165985	-46.642899	-1245.971313
366.067609	-162.587967	-44.772644	-1248.367554
366.071864	-158.730560	-41.149033	-1249.185913
366.075217	-156.100525	-38.811218	-1250.237793
366.078461	-153.528931	-37.174751	-1249.770264
366.081789	-151.600235	-35.070717	-1249.653320
366.085142	-149.028641	-32.908241	-1250.763794
366.088475	-146.924606	-31.622442	-1250.880737
366.091837	-144.937469	-29.401522	-1251.289795
366.094723	-142.950333	-27.648157	-1251.289795
366.098051	-140.670944	-25.310343	-1252.283447
366.101411	-138.216248	-23.264757	-1251.932739
366.104769	-135.703094	-21.745180	-1252.108154
366.108056	-133.189941	-19.115137	-1253.510742
366.111355	-131.378143	-17.478666	-1253.218506
366.114700	-129.215668	-15.023962	-1252.926392
366.117598	-127.111633	-12.861483	-1253.452271
366.120938	-125.066055	-10.523672	-1252.926392
366.124269	-122.494446	-8.887199	-1253.218506
366.127637	-120.273529	-7.133839	-1253.276978
366.130930	-118.344833	-5.205143	-1255.380981
366.134264	-115.948563	-2.808884	-1254.095215
366.137602	-113.610748	-0.178843	-1254.153687
366.140933	-111.156052	1.574518	-1254.328979
366.144266	-108.935120	4.146114	-1256.140869
366.147601	-106.363533	6.016365	-1254.971924
366.150932	-104.376381	8.061953	-1255.439453
366.154262	-101.980133	9.347750	-1256.023926
366.157595	-99.583870	11.919346	-1255.205688
366.160945	-96.953827	14.841614	-1255.731689
366.164270	-94.849800	16.127411	-1255.790161
366.167597	-92.570435	18.815897	-1254.036865
366.170949	-90.115723	20.569258	-1254.095215
366.174261	-87.894791	23.666862	-1254.387451
366.177601	-85.615425	25.829340	-1254.913452
366.180925	-83.160728	27.641146	-1254.387451
366.184265	-80.939804	29.686733	-1255.322510
366.187590	-78.777321	31.732321	-1254.913452
366.190927	-76.731735	34.245472	-1253.452271
366.194260	-74.393921	36.700176	-1255.614746
366.197593	-72.348335	38.804207	-1253.919922
366.200948	-69.542961	41.025131	-1253.978394
366.204260	-67.614258	42.661602	-1253.452271
366.207596	-65.276443	44.473408	-1253.978394
366.210926	-62.763298	46.109879	-1253.861450
366.214265	-60.776161	49.265926	-1254.562744
366.217591	-58.263008	50.843948	-1252.926392
366.220928	-56.042084	53.123322	-1253.627686
366.224261	-53.587379	55.402687	-1252.984741
366.227594	-51.658684	57.272942	-1252.283447
366.230952	-49.145531	59.084747	-1252.283447
366.235570	-44.528351	64.111046	-1251.582031
366.238462	-42.307419	66.215080	-1251.406738
366.241769	-40.203384	67.793106	-1250.471558
366.245160	-36.872009	70.364700	-1249.828735
366.248461	-34.417305	72.644073	-1249.828735
366.251845	-32.605492	74.864990	-1249.828735
366.255235	-29.975451	76.852135	-1249.302734
366.258049	-27.696081	78.956169	-1249.536499
366.261351	-25.884275	80.534195	-1247.549316
366.264678	-23.078901	83.573349	-1248.075439
366.268024	-20.916422	85.677383	-1246.438843
366.271340	-19.046171	87.606087	-1246.146729
366.274677	-16.182348	89.359444	-1245.036255
366.278013	-14.078318	91.931038	-1244.218018
366.281344	-11.974283	93.625946	-1244.159546
366.284672	-10.337812	95.496208	-1242.639893
366.287597	-7.824663	97.775574	-1243.575073
366.290918	-5.486849	99.470490	-1243.458130
366.294255	-3.441261	101.340736	-1241.997070
366.297582	-1.161894	103.795441	-1241.178833
366.300914	0.299240	105.724144	-1239.483887
366.304249	2.753946	108.178848	-1239.250122
366.307636	4.741087	109.698425	-1237.146118
366.310927	6.611340	111.744011	-1238.431885
366.314243	8.715372	113.380486	-1237.438354
366.317624	10.936295	115.601410	-1237.029175
366.320918	13.157219	117.471657	-1236.035645
366.324242	14.852134	119.166573	-1235.217407
366.327586	16.780830	121.212158	-1234.399170
366.330940	18.826418	123.199303	-1234.516113
366.334246	21.924023	124.718887	-1233.171753
366.337585	24.028055	126.939804	-1231.769043
366.340915	26.073643	128.926941	-1230.950806
366.344248	28.177675	130.738754	-1229.139038
366.347577	29.755699	132.667450	-1228.554687
366.350907	31.275278	134.771484	-1228.379272
366.354251	33.320866	136.583282	-1226.333740
366.357579	35.249561	137.985977	-1226.918091
366.360905	37.236706	140.265335	-1225.106323
366.364242	39.516075	142.720047	-1223.528320
366.367578	41.152542	144.531845	-1225.106323
366.370911	43.665695	146.402100	-1223.119141
366.374244	45.360611	148.038574	-1221.365845
366.377578	47.055527	149.675049	-1221.599609
366.380932	48.633549	151.603745	-1220.956665
366.384240	50.620689	153.240204	-1219.144897
366.387577	52.140266	154.876678	-1218.502075
366.390906	54.244301	156.922272	-1217.683838
366.394240	56.172997	158.383392	-1216.807129
366.397579	57.458794	159.786102	-1215.287476
366.400903	58.978378	161.948563	-1213.884888
366.404280	60.614845	163.468155	-1211.722412
366.407571	62.485100	165.221512	-1211.780762
366.410904	64.413795	167.442429	-1210.378052
366.414243	65.407364	168.260681	-1209.501465
366.417582	67.394508	169.721802	-1210.202759
366.422243	70.433662	173.345413	-1206.988281
366.425160	72.011688	174.806549	-1206.228516
366.428504	74.057274	176.443024	-1205.644043
366.431834	74.992401	177.962601	-1204.475098
366.435083	76.921097	179.306839	-1203.364624
366.438425	78.499123	181.001755	-1201.845093
366.441760	79.609581	182.287552	-1200.909912
366.445112	81.479836	183.631790	-1199.273437
366.448029	82.999413	185.326706	-1199.507202
366.451357	84.285210	186.086502	-1197.987671
366.454680	85.395676	187.372299	-1196.994141
366.458015	87.090591	188.891876	-1196.351196
366.461399	87.967270	190.469894	-1196.584961
366.464655	89.428406	191.814148	-1194.364136
366.467998	90.597313	193.099945	-1193.428955
366.471340	92.116890	194.619522	-1193.428955
366.474246	93.636467	195.846878	-1191.441772
366.477568	94.571594	197.658691	-1191.675537
366.480894	95.974281	198.360031	-1190.331421
366.484231	97.260078	199.762726	-1189.688354
366.487567	98.838104	201.282288	-1188.344238
366.490899	100.065453	202.042084	-1186.766113
366.494229	101.059029	203.912338	-1185.012817
366.497559	101.760376	204.905914	-1184.662109
366.500899	103.104622	206.074814	-1184.428345
366.504249	104.098190	207.126831	-1183.960815
366.507563	105.383987	208.178848	-1181.973633
366.510899	106.669785	209.055527	-1181.564575
366.514229	107.429573	210.633545	-1180.220337
366.517563	108.306252	211.393341	-1178.759155
366.520894	109.182938	212.503799	-1178.350098
366.524230	110.001167	213.848053	-1175.953735
366.527559	111.286964	214.958511	-1177.648682
366.530895	111.754532	216.244308	-1175.603149
366.534225	112.806541	217.296326	-1175.427856
366.537566	113.624779	218.406784	-1174.317261
366.540894	114.735245	219.341904	-1173.031494
366.544226	114.969025	220.919937	-1174.258911
366.547594	116.021042	221.036819	-1171.687378
366.550886	117.014610	222.205734	-1171.687378
366.554224	117.715950	222.848633	-1171.044312
366.557558	118.066628	223.900650	-1169.583252
366.560901	118.826416	224.835785	-1168.706543
366.564227	119.936874	225.420212	-1168.355835
366.567559	119.995323	226.296906	-1167.420776
366.570891	120.988892	227.465805	-1167.362305
366.574223	122.333138	228.576279	-1165.375122
366.577556	122.683815	228.868484	-1164.790771
366.580886	122.800697	229.686737	-1164.732300
366.584222	123.735825	230.271179	-1164.381592
366.587554	124.554062	231.206299	-1162.979004
366.590938	125.138512	232.024551	-1162.686768
366.594221	125.489189	232.492111	-1161.634644
366.597552	126.482750	233.368790	-1161.342407
366.600893	126.716537	233.777908	-1161.167114
366.604234	127.184097	234.420807	-1160.816528
366.608848	128.762131	236.232620	-1160.290405
366.612185	128.528351	236.758621	-1158.770874
366.615096	128.937469	237.343079	-1159.004639
366.618479	129.521912	238.044403	-1158.946289
366.621866	129.814148	238.745773	-1156.666870
366.625150	130.164825	238.511978	-1156.608398
366.628418	129.872589	239.505554	-1156.082397
366.631731	130.573929	239.622452	-1157.426636
366.635108	130.807724	239.680893	-1156.432983
366.638465	130.749268	240.382217	-1155.205688
366.641307	130.924606	241.083572	-1154.679687
366.644647	131.041504	241.492706	-1153.744507
366.648019	131.450607	241.843369	-1154.095215
366.651376	131.742844	243.070724	-1153.627686
366.654675	132.561081	243.538284	-1153.744507
366.657979	132.327301	243.362961	-1152.400269
366.661305	131.742844	243.947388	-1151.991211
366.664211	131.976624	244.239624	-1152.692505
366.667545	132.736420	245.116318	-1151.348267
366.670877	132.151962	245.057877	-1151.640503
366.674216	132.911743	245.759201	-1151.757446
366.677576	132.794861	245.876099	-1150.413086
366.680883	132.444183	245.700775	-1150.237793
366.684212	132.677963	246.635895	-1150.822266
366.687550	132.736420	246.226761	-1150.354736
366.690877	132.853302	247.220337	-1150.354736
366.694215	132.911743	247.044998	-1150.354736
366.697546	132.561081	246.694336	-1149.594971
366.700879	132.677963	247.220337	-1150.237793
366.704211	132.502640	247.103455	-1150.880737
366.707547	132.035065	247.454117	-1148.718262
366.710874	132.093521	247.337234	-1150.939209
366.714208	131.625961	247.337234	-1149.828735
366.717538	131.275284	248.155457	-1150.062500
366.720900	131.099945	247.454117	-1151.231445
366.724209	130.866165	247.571014	-1151.348267
366.727538	130.807724	247.571014	-1150.763794
366.730877	129.638809	247.454117	-1150.939209
366.734218	129.989471	247.395691	-1150.296265
366.737537	129.697266	248.097015	-1149.711792
366.740873	129.288132	247.863251	-1149.711792
366.744208	129.054352	247.863251	-1150.939209
366.747539	128.645233	247.512558	-1151.348267
366.750870	128.177673	247.337234	-1150.646973
366.754203	127.827003	247.044998	-1151.698975
366.757535	127.300995	247.571014	-1151.815918
366.760870	126.774979	246.752762	-1150.705444
366.764219	126.716537	246.869659	-1151.874268
366.767537	126.599648	246.694336	-1152.049683
366.770866	125.372292	246.928131	-1152.283447
366.774199	125.489189	247.220337	-1152.809448
366.777545	124.963181	246.694336	-1153.043213
366.780873	124.261833	246.635895	-1152.750977
366.784204	123.385162	245.642303	-1153.569214
366.787541	122.859146	245.583878	-1153.043213
366.791787	121.690239	244.707184	-1153.744507
366.795075	120.462883	244.356522	-1155.439453
366.798386	120.696671	244.239624	-1155.147217
366.801714	119.819984	243.596725	-1156.082397
366.805077	118.709526	243.304489	-1156.549927
366.808432	117.599060	242.720062	-1156.140869
366.811819	117.248390	242.661606	-1157.075928
366.815117	116.137932	241.609573	-1157.835693
366.818460	115.904152	241.609573	-1157.777344
366.821283	115.144356	241.492706	-1158.244751
366.824622	114.209236	241.200470	-1159.822876
366.827963	113.390999	240.265350	-1159.121582
366.831285	112.046753	239.797791	-1160.465698
366.834621	111.111626	238.862656	-1161.459351
366.837978	110.234947	238.336639	-1161.108643
366.841289	109.650497	237.752197	-1161.459351
366.844642	108.832260	237.635300	-1162.277588
366.847529	107.020454	236.992416	-1161.517822
366.850866	106.728233	236.407959	-1163.154175
366.854199	106.026886	235.589722	-1165.082886
366.857578	104.682640	235.180603	-1164.323120
366.860867	104.215080	234.187042	-1165.667480
366.864192	102.637047	232.901215	-1166.076416
366.867526	101.643486	232.492111	-1167.303833
366.870859	100.474579	232.316788	-1168.122070
366.874192	99.188782	231.615433	-1168.297485
366.877529	98.312096	231.030975	-1169.349487
366.880861	97.026299	230.329636	-1170.050781
366.884196	95.974281	229.569839	-1169.992310
366.887526	95.039154	229.219177	-1171.511963
366.890858	93.694908	227.874924	-1170.985840
366.894215	92.935127	227.290466	-1172.388672
366.897521	91.532440	226.472244	-1171.979492
366.900860	90.480423	225.303345	-1174.551147
366.904186	88.785500	224.134430	-1175.369385
366.907530	88.317940	223.140869	-1175.778442
366.910857	86.623032	222.556412	-1177.122681
366.914188	85.220337	222.030396	-1177.473389
366.917519	84.460548	221.036819	-1177.356445
366.920856	83.174751	219.926361	-1179.460571
366.924182	82.298073	218.640564	-1179.635864
366.927563	80.544708	217.647003	-1181.272339
366.930851	78.732910	217.062531	-1181.447632
366.934191	77.622444	215.776749	-1182.733398
366.937540	76.336647	215.309189	-1182.441284
366.940856	75.050850	213.438934	-1184.194580
366.944188	73.122147	213.205154	-1184.369995
366.947524	71.602570	211.860901	-1185.655640
366.950866	70.082993	210.691986	-1186.357056
366.954184	68.446526	210.107544	-1188.110474
366.957516	67.336060	208.763290	-1188.285767
366.962209	64.180016	206.483932	-1190.682007
366.965061	62.543541	204.789017	-1191.967773
366.968472	61.666862	203.970779	-1191.792480
366.971815	60.497955	202.509644	-1192.435425
366.975113	58.277031	200.873184	-1193.779663
366.978362	56.932785	200.113388	-1194.714722
366.981738	55.062538	198.769150	-1194.948486
366.984596	53.250732	197.541794	-1195.357666
366.987937	51.789597	195.613098	-1197.227905
366.991274	50.270020	194.561081	-1197.870850
366.994621	48.458214	193.099945	-1198.221558
366.997962	46.704853	192.106369	-1199.331909
367.001304	45.126827	190.762131	-1200.208618
367.004176	43.315022	189.534775	-1200.968384
367.007518	41.912331	188.073639	-1200.793091
367.010891	40.158974	186.378738	-1203.014038
367.014182	38.405609	185.151382	-1203.832275
367.017509	36.476913	183.690247	-1204.182861
367.020845	34.898891	182.229111	-1204.358154
367.024203	32.794857	180.651093	-1206.053223
367.027509	31.158386	179.482178	-1207.280396
367.030841	29.405027	178.371719	-1207.280396
367.034181	27.593222	176.676804	-1208.566284
367.037520	25.547634	175.098770	-1209.735229
367.040845	23.969608	174.163651	-1209.326050
367.044171	22.216249	172.176514	-1211.079468
367.047509	20.872005	170.715378	-1212.715942
367.050845	17.306839	168.786667	-1213.241943
367.054177	15.962595	167.910004	-1214.293945
367.057511	13.975454	165.981293	-1213.943359
367.060836	12.514319	164.461731	-1214.352417
367.064170	9.767388	162.708359	-1216.631836
367.067520	8.189363	161.013443	-1217.040771
367.070839	6.377558	159.260086	-1216.690186
367.074173	4.916424	158.149612	-1217.975952
367.077514	2.111048	156.220932	-1219.963135
367.080847	0.825251	154.818237	-1221.658081
367.084175	-1.629456	153.415558	-1221.658081
367.087510	-3.558151	150.902390	-1221.307373
367.090838	-5.603741	149.499710	-1222.593262
367.094169	-7.473991	147.980133	-1222.710083
367.097498	-9.694914	146.226761	-1224.054321
367.100838	-11.974283	144.181183	-1224.930908
367.104167	-13.552309	142.603165	-1225.223267
367.107500	-15.247225	141.200470	-1225.807617
367.110868	-17.701925	139.330215	-1226.976562
367.114171	-19.864408	137.050842	-1227.093506
367.117507	-21.676214	135.355927	-1228.087036
367.120835	-23.663355	133.719452	-1228.320801
367.125510	-27.812971	129.803619	-1230.541748
367.128428	-29.507887	128.225601	-1231.593750
367.131753	-31.904150	126.063126	-1232.996460
367.135019	-34.125069	124.485107	-1232.353638
367.138342	-35.995323	123.082413	-1232.762573
367.141680	-38.274696	120.919930	-1233.931519
367.145039	-40.144943	119.283463	-1234.516113
367.148405	-42.190529	117.120987	-1235.158936
367.151284	-44.353012	115.192284	-1235.392700
367.154612	-46.164818	113.555817	-1236.269409
367.157950	-47.859734	111.627121	-1237.438354
367.161317	-50.372879	110.049095	-1236.269409
367.164597	-52.886032	107.535942	-1237.262939
367.167949	-55.399185	105.957924	-1238.081177
367.171255	-57.094101	104.146118	-1238.782471
367.174169	-59.081238	101.808304	-1238.315063
367.177500	-61.009941	99.704269	-1239.016357
367.180827	-63.172417	97.658684	-1239.074829
367.184156	-65.042664	96.372887	-1239.425537
367.187497	-66.679131	93.684395	-1241.003418
367.190828	-69.075394	92.340149	-1240.886597
367.194163	-71.471657	90.586792	-1241.295776
367.197499	-73.400352	88.424316	-1242.698364
367.200824	-75.387489	86.378731	-1242.172363
367.204160	-77.491524	84.508476	-1242.990601
367.207488	-79.887794	82.404442	-1243.575073
367.210842	-81.582695	79.949738	-1243.691895
367.214161	-83.511398	78.079491	-1242.873657
367.217498	-86.082993	76.618355	-1243.808838
367.220830	-88.011688	74.105202	-1243.633423
367.224155	-89.881943	73.053185	-1244.451660
367.227490	-91.635307	70.540031	-1244.743896
367.230825	-93.973122	69.020454	-1245.386841
367.234155	-96.135590	66.624199	-1244.919312
367.237488	-97.596725	64.753944	-1244.977783
367.240822	-100.168320	62.825249	-1245.503662
367.244156	-102.564583	60.487434	-1244.860840
367.247490	-104.902397	58.909409	-1246.029785
367.250826	-106.305084	57.272942	-1247.724609
367.254179	-108.409119	55.110466	-1246.438843
367.257486	-110.513153	53.298653	-1247.900024
367.260826	-112.675629	50.902397	-1247.900024
367.264154	-115.013443	48.856812	-1247.783081
367.267491	-117.234375	47.687904	-1249.244263
367.270822	-119.104614	45.525425	-1247.549316
367.274151	-120.799545	42.895386	-1247.783081
367.277487	-122.202225	40.440678	-1247.958496
367.280823	-124.189362	39.096436	-1246.906494
367.284175	-126.176514	37.167740	-1248.250732
367.287486	-128.046753	35.297485	-1247.724609
367.290817	-130.676804	33.135010	-1247.666260
367.295086	-134.767975	29.160725	-1248.484375
367.298341	-136.871994	27.173584	-1247.783081
367.301675	-138.742249	25.011105	-1247.432373
367.304998	-140.554062	22.848627	-1248.075439
367.308358	-141.898300	20.510813	-1247.432373
367.311688	-143.885452	18.640562	-1247.666260
367.315196	-146.106369	16.828754	-1249.127441
367.318430	-147.509064	15.192286	-1248.484375
367.321348	-149.729980	12.971362	-1247.140259
367.324573	-151.191116	11.510228	-1246.497314
367.327940	-153.412033	9.172414	-1246.789551
367.331233	-155.516068	7.243718	-1247.315552
367.334569	-156.568100	5.198130	-1245.971313
367.337909	-159.315018	3.795443	-1246.029785
367.341252	-160.951492	2.100527	-1245.445312
367.344569	-162.821747	0.113384	-1245.036255
367.347474	-164.458206	-1.756866	-1245.737549
367.350811	-166.270020	-3.276447	-1245.386841
367.354144	-167.789597	-5.088251	-1244.802368
367.357512	-169.659851	-6.900057	-1245.211548
367.360813	-171.179428	-8.536528	-1244.393311
367.364142	-173.283463	-10.582117	-1243.867310
367.367501	-174.218597	-12.043249	-1244.218018
367.370832	-175.855057	-13.445936	-1244.218018
367.374141	-177.783752	-15.900640	-1243.575073
367.377478	-179.420227	-17.537111	-1243.458130
367.380811	-181.524246	-19.348921	-1242.406128
367.384140	-183.043839	-20.926943	-1242.406128
367.387480	-184.446518	-22.388079	-1242.055542
367.390805	-185.907639	-23.615427	-1241.587891
367.394139	-187.310333	-26.420805	-1240.185303
367.397476	-188.946823	-27.940382	-1241.003418
367.400809	-190.817062	-29.459963	-1241.529419
367.404138	-191.869095	-31.271772	-1240.185303
367.407474	-193.154877	-32.557571	-1239.659180
367.410808	-195.025131	-34.895378	-1238.724121
367.414156	-196.720047	-36.531853	-1238.256592
367.417472	-198.064301	-38.109879	-1238.665649
367.420804	-199.350098	-39.921677	-1237.204590
367.424133	-200.752777	-41.382820	-1236.386353
367.427472	-202.798355	-43.077736	-1236.327881
367.430809	-203.967285	-45.123314	-1236.386353
367.434143	-205.662170	-46.759789	-1236.152466
367.437469	-206.655762	-48.220924	-1235.801758
367.440817	-208.175339	-49.039154	-1236.678467
367.444174	-209.519577	-51.026299	-1235.743286
367.447467	-211.331390	-52.312096	-1235.334351
367.450804	-212.324951	-53.890121	-1235.041992
367.454132	-213.318527	-55.351250	-1233.814697
367.457484	-213.902969	-56.461716	-1233.230225
367.460801	-215.890121	-57.922844	-1234.106934
367.464131	-216.942139	-59.150200	-1233.230225
367.467469	-218.227936	-60.552887	-1232.002808
367.470797	-219.981308	-62.072472	-1232.061279
367.474131	-220.916428	-63.533607	-1231.535400
367.477473	-221.500870	-65.696083	-1230.600220
367.480801	-222.845123	-66.222092	-1230.132568
367.484135	-224.247803	-66.806541	-1229.606689
367.488846	-225.767395	-70.430153	-1228.846802
367.491740	-227.170090	-71.599060	-1229.139038
367.495049	-228.280533	-72.826416	-1228.028564
367.498420	-229.566330	-74.229103	-1228.320801
367.501671	-230.150787	-75.222672	-1228.262329
367.504971	-231.728806	-76.800697	-1227.151855
367.508304	-232.956161	-78.028053	-1227.736328
367.511679	-233.423737	-79.372292	-1226.450562
367.515006	-234.475754	-80.424316	-1226.392090
367.517928	-235.644638	-81.593224	-1223.820557
367.521240	-236.813553	-82.937462	-1223.353027
367.524629	-237.631790	-84.164818	-1223.528320
367.527890	-238.566910	-85.742836	-1223.119141
367.531261	-239.969620	-86.210403	-1222.943848
367.534558	-240.437180	-86.911743	-1222.826904
367.537885	-240.787827	-87.905319	-1222.008667
367.541216	-242.073654	-88.957329	-1221.599609
367.544137	-242.365860	-90.184685	-1221.541138
367.547463	-243.301010	-91.178261	-1221.015137
367.550790	-244.469894	-91.938049	-1220.956665
367.554130	-245.229691	-92.990059	-1220.196899
367.557462	-245.580368	-94.100517	-1219.787842
367.560790	-247.392166	-94.860313	-1219.144897
367.564117	-247.859726	-95.678551	-1218.735840
367.567456	-248.561081	-96.613678	-1218.618896
367.570791	-249.320847	-97.724136	-1218.385132
367.574141	-249.963760	-98.659264	-1217.859131
367.577465	-250.255997	-100.061951	-1217.391479
367.580783	-250.723557	-100.529510	-1217.508423
367.584123	-251.775558	-101.581535	-1216.397949
367.587472	-252.360031	-102.341316	-1216.105713
367.590784	-252.886032	-103.393333	-1215.170532
367.594122	-253.061356	-104.036232	-1215.638184
367.597454	-254.405624	-104.854469	-1214.703125
367.600792	-254.347183	-105.555817	-1214.235474
367.604123	-255.282303	-105.848038	-1214.586182
367.607456	-255.282303	-106.841614	-1213.943359
367.610791	-256.042053	-107.367615	-1213.767944
367.614115	-256.568085	-108.010513	-1213.125000
367.617477	-257.210968	-108.068954	-1213.358765
367.620782	-257.561646	-108.536530	-1213.183472
367.624120	-257.795441	-109.296310	-1212.014648
367.627449	-258.964325	-109.997665	-1212.306763
367.630792	-259.256561	-110.815887	-1211.430054
367.634114	-260.074799	-111.575684	-1211.254761
367.637447	-260.308594	-112.218582	-1211.605469
367.640780	-260.425476	-112.393921	-1210.845703
367.644114	-260.951477	-113.036819	-1210.553467
367.647452	-260.542358	-113.621262	-1211.079468
367.650813	-261.652832	-113.971939	-1209.150757
367.654170	-260.893036	-114.147278	-1209.150757
367.657450	-261.535950	-115.082397	-1209.676758
367.660817	-261.594360	-115.549973	-1209.442993
367.664113	-262.003510	-116.251312	-1209.910522
367.667450	-262.587952	-116.426651	-1209.092285
367.670784	-262.237274	-116.894211	-1208.683228
367.674129	-261.886597	-117.069550	-1208.157227
367.677442	-261.828156	-117.186432	-1208.975464
367.680775	-262.061920	-117.829346	-1209.033936
367.684109	-262.763306	-118.063126	-1208.157227
367.688791	-262.295715	-118.589127	-1208.390991
367.691650	-263.230865	-118.472244	-1208.040283
367.695028	-263.347717	-119.232025	-1208.449341
367.698374	-263.289276	-119.348907	-1208.332520
367.701714	-263.464630	-119.056686	-1208.274048
367.705001	-263.406189	-119.641144	-1208.215576
367.708291	-263.289276	-120.050262	-1206.871460
367.711627	-263.639954	-119.991806	-1207.631226
367.714977	-263.347717	-120.167160	-1207.455811
367.717903	-263.698425	-120.050262	-1207.572754
367.721275	-263.406189	-119.874924	-1207.163574
367.724550	-262.821716	-120.400940	-1207.864990
367.727894	-263.581512	-119.933380	-1207.514282
367.731232	-264.107513	-120.400940	-1207.689575
367.734532	-263.347717	-120.342484	-1207.981934
367.737868	-263.113953	-120.108704	-1208.390991
367.741208	-263.289276	-119.816483	-1208.507812
367.744106	-263.113953	-119.290466	-1207.748047
367.747436	-262.997070	-119.582703	-1208.215576
367.750773	-262.880157	-119.582703	-1207.864990
367.754104	-262.120392	-119.699600	-1207.689575
367.757436	-261.828156	-119.991806	-1208.332520
367.760774	-261.419037	-119.115128	-1207.864990
367.764112	-261.185272	-118.589127	-1208.507812
367.767441	-260.776154	-119.115128	-1208.157227
367.770770	-260.425476	-118.822906	-1209.267578
367.774117	-260.074799	-118.472244	-1209.209106
367.777438	-259.256561	-118.647568	-1209.150757
367.780767	-259.081238	-118.764465	-1209.735229
367.784097	-258.321442	-117.712448	-1210.553467
367.787483	-258.496765	-118.180008	-1208.507812
367.790767	-257.736969	-118.004669	-1209.735229
367.794101	-257.795441	-117.478668	-1211.488525
367.797429	-257.094086	-117.946228	-1209.326050
367.800765	-257.152527	-117.303329	-1210.436523
367.804105	-255.925186	-116.718872	-1210.845703
367.807428	-255.632980	-116.368210	-1210.904175
367.810765	-255.516068	-116.601990	-1211.546997
367.814104	-255.925186	-115.783752	-1211.605469
367.817467	-254.697830	-115.023972	-1212.482178
367.820768	-254.522507	-114.439499	-1212.891357
367.824100	-253.762711	-113.855042	-1212.248291
367.827431	-252.769119	-114.205719	-1212.891357
367.830763	-252.886032	-113.212158	-1212.774414
367.834098	-252.067795	-113.036819	-1213.884888
367.837430	-251.015793	-111.867905	-1213.767944
367.840768	-250.139084	-111.458801	-1213.475708
367.844091	-249.437759	-110.991241	-1214.235474
367.847431	-248.268845	-110.406769	-1214.878418
367.850781	-248.444199	-109.413208	-1214.586182
367.854103	-246.807724	-109.530106	-1215.696655
367.857433	-245.814163	-108.594971	-1216.339478
367.860796	-245.463455	-108.068954	-1217.917603
367.864094	-244.645248	-107.075394	-1217.040771
367.867428	-243.827011	-106.432495	-1219.086426
367.870758	-243.184097	-105.848038	-1219.846313
367.874089	-242.424332	-105.497368	-1219.612549
367.878724	-240.670975	-103.685562	-1220.489136
367.881641	-240.261826	-103.627113	-1220.255371
367.884976	-239.677383	-102.808876	-1220.898193
367.888353	-238.625351	-102.107529	-1220.664551
367.891683	-237.398026	-101.113968	-1221.541138
367.895040	-236.813553	-100.704842	-1221.365845
367.898277	-235.293991	-99.477501	-1221.716553
367.901605	-234.300415	-98.834595	-1221.658081
367.904952	-234.300415	-98.191696	-1222.359375
367.907848	-233.073059	-97.256569	-1223.002319
367.911182	-232.313278	-96.087662	-1223.703735
367.914548	-231.495041	-95.444771	-1223.353027
367.917869	-229.683228	-94.100517	-1223.411377
367.921235	-229.566330	-92.756279	-1223.762085
367.924540	-228.865005	-92.405609	-1225.398560
367.927865	-227.520752	-91.178261	-1226.099854
367.930751	-227.462311	-90.360016	-1226.801270
367.934088	-225.241379	-89.132675	-1226.684326
367.937416	-224.656937	-88.255981	-1226.859619
367.940753	-224.189377	-87.379311	-1228.554687
367.944085	-222.377563	-86.327286	-1228.087036
367.947440	-221.559326	-85.333725	-1228.788330
367.950749	-219.864410	-83.814140	-1229.723511
367.954086	-218.520157	-82.995911	-1229.781982
367.957418	-217.760361	-81.885437	-1229.898804
367.960750	-216.533020	-80.424316	-1230.249512
367.964083	-215.890121	-79.080063	-1231.885986
367.967415	-214.662766	-78.028053	-1231.418457
367.970748	-213.435410	-76.917587	-1232.879517
367.974083	-210.863831	-75.573341	-1233.054932
367.977417	-210.220932	-74.462883	-1234.574463
367.980752	-208.759781	-73.235535	-1234.340698
367.984082	-207.766220	-72.066628	-1234.574463
367.987413	-206.129761	-71.306839	-1235.100464
367.990745	-204.727051	-70.079483	-1235.743286
367.994087	-203.850388	-68.443016	-1236.619995
367.997414	-202.506134	-67.624779	-1236.678467
368.000746	-201.103439	-66.397423	-1237.321411
368.004078	-199.350098	-64.760956	-1237.262939
368.007416	-197.713608	-63.767387	-1239.483887
368.010751	-196.603149	-62.598480	-1238.607178
368.014074	-195.200470	-60.494446	-1239.425537
368.017415	-193.330215	-59.968437	-1240.126831
368.020778	-192.395081	-58.741081	-1239.951416
368.024079	-190.933960	-57.455284	-1240.535889
368.027414	-189.823502	-56.111046	-1241.354248
368.030752	-187.661026	-54.883690	-1241.120361
368.034099	-186.959671	-53.539452	-1242.347778
368.037413	-185.381653	-52.428986	-1242.990601
368.040745	-183.745193	-50.208061	-1243.224487
368.044076	-181.874939	-49.156044	-1243.925781
368.047405	-180.355362	-47.461128	-1243.458130
368.050747	-178.952667	-46.233780	-1243.925781
368.054074	-177.608414	-43.954407	-1244.919312
368.058765	-174.101700	-41.032143	-1246.497314
368.061637	-173.108124	-40.564583	-1247.257202
368.064948	-171.062531	-38.518990	-1248.426025
368.068247	-170.185867	-36.765633	-1248.250732
368.071604	-168.315613	-34.953827	-1248.601318
368.074958	-166.036240	-33.668030	-1248.250732
368.078336	-164.691986	-31.797777	-1249.244263
368.081665	-162.587967	-30.219755	-1249.711792
368.084924	-160.717712	-28.291056	-1250.062500
368.087832	-158.789017	-26.946814	-1248.659790
368.091167	-156.977203	-25.076563	-1249.653320
368.094515	-155.048508	-23.498537	-1249.361084
368.097833	-153.821152	-21.920515	-1249.828735
368.101168	-152.009354	-20.634718	-1250.413086
368.104494	-150.314438	-18.939802	-1250.588501
368.107862	-148.385742	-17.127993	-1250.997681
368.111186	-146.223267	-15.199297	-1251.874268
368.114063	-144.586792	-14.088835	-1251.406738
368.117425	-143.067215	-11.926359	-1251.465210
368.120768	-141.255417	-10.523672	-1252.634033
368.124068	-139.385162	-9.237871	-1252.341797
368.127407	-137.573349	-7.367620	-1251.932739
368.130731	-136.053772	-5.731150	-1252.108154
368.134070	-133.774414	-4.328463	-1251.757446
368.137436	-131.962601	-2.516655	-1252.166504
368.140738	-130.150787	-1.347750	-1253.686157
368.144065	-128.631210	0.464056	-1253.160156
368.147398	-127.286972	2.158972	-1253.276978
368.150759	-125.416718	3.736996	-1253.043213
368.154061	-123.429565	6.016365	-1253.043213
368.157404	-121.559311	7.711281	-1254.036865
368.160738	-119.981293	9.523087	-1253.802979
368.164056	-118.929291	10.808885	-1254.796631
368.167398	-116.591476	12.620690	-1252.166504
368.170734	-114.662781	14.198714	-1253.627686
368.174064	-112.675629	15.718294	-1253.744507
368.177394	-110.863831	17.588545	-1255.673218
368.180753	-108.759796	19.283461	-1254.971924
368.184059	-106.480431	21.153711	-1255.088867
368.187441	-104.843948	24.543543	-1254.971924
368.190734	-102.915260	26.004677	-1252.750977
368.194079	-100.635880	27.407364	-1254.270508
368.197400	-98.473412	30.271187	-1253.919922
368.200730	-96.486267	31.673876	-1254.913452
368.204062	-94.499123	33.602573	-1253.744507
368.207401	-92.161308	35.297485	-1253.861450
368.210725	-90.817062	36.992401	-1252.926392
368.214065	-89.122147	38.336647	-1253.861450
368.217394	-87.251900	40.440678	-1253.919922
368.220723	-84.621857	42.252483	-1253.335449
368.224052	-82.926949	44.239624	-1253.452271
368.227392	-81.290482	46.051430	-1253.569214
368.230721	-79.887794	47.337231	-1254.387451
368.234057	-77.725304	49.499710	-1254.562744
368.237392	-75.621277	51.428406	-1253.276978
368.240720	-73.751022	53.240211	-1253.276978
368.245402	-70.419640	56.279373	-1253.393799
368.248345	-68.374054	58.149620	-1252.400269
368.251588	-66.445351	60.312096	-1252.692505
368.254909	-64.691994	61.597893	-1251.640503
368.258237	-62.704849	63.175926	-1251.582031
368.261597	-61.068382	65.221512	-1252.108154
368.264926	-59.198128	66.974869	-1252.224976
368.268332	-57.503212	69.078903	-1251.114502
368.271658	-55.632965	70.832260	-1251.523560
368.274500	-53.821159	72.410286	-1251.815918
368.277815	-52.301582	73.871422	-1250.530029
368.281155	-50.723557	75.917007	-1250.646973
368.284480	-48.911743	77.904152	-1249.711792
368.287806	-46.340149	79.365288	-1249.127441
368.291145	-44.762131	81.352425	-1249.127441
368.294505	-43.359444	83.456459	-1248.952026
368.297809	-41.021622	85.209816	-1248.133789
368.300716	-40.028053	86.787849	-1248.952026
368.304051	-37.573349	88.716545	-1246.789551
368.307383	-34.943306	90.586792	-1246.380371
368.310716	-34.358856	92.164818	-1245.503662
368.314056	-31.787260	93.801285	-1246.029785
368.317378	-30.267679	95.671539	-1246.146729
368.320711	-28.455870	97.366455	-1244.451660
368.324066	-26.001169	99.178261	-1244.685547
368.327441	-24.773817	100.931618	-1243.341309
368.330724	-22.611338	102.626534	-1243.867310
368.334046	-20.974867	104.087677	-1242.581421
368.337389	-19.864408	105.782585	-1242.230835
368.340706	-18.227934	107.594391	-1241.821655
368.344046	-16.182348	109.698425	-1241.587891
368.347385	-14.896551	110.808884	-1241.120361
368.350714	-13.201635	112.796028	-1239.191650
368.354043	-11.448275	114.432503	-1238.431885
368.357383	-9.870249	116.010521	-1238.139648
368.360712	-8.876678	117.646988	-1237.204590
368.364037	-6.947983	119.049683	-1237.379883
368.367376	-5.369959	120.686150	-1236.444824
368.370712	-4.142607	122.030396	-1236.327881
368.374042	-2.330799	123.725311	-1235.392700
368.377373	-0.577440	125.478668	-1235.275879
368.380718	1.175922	126.764465	-1234.340698
368.384047	2.461720	128.926941	-1233.814697
368.387378	3.981298	130.271179	-1233.931519
368.390711	5.793105	131.556992	-1232.178223
368.394042	7.429574	132.842773	-1230.775513
368.397374	8.890708	134.420807	-1232.411987
368.400757	10.118060	136.291046	-1230.366455
368.404036	11.812976	137.576859	-1230.074219
368.407370	13.741673	139.037994	-1229.665039
368.410741	15.085916	140.499130	-1228.320801
368.414041	16.605495	142.310928	-1228.788330
368.417364	18.475746	144.298065	-1227.853271
368.420709	20.053770	145.992981	-1226.918091
368.424057	21.982468	147.044998	-1225.807617
368.427370	23.735828	148.330795	-1225.047852
368.430703	24.670954	149.324371	-1224.112793
368.434038	26.015196	150.902390	-1223.294556
368.437373	28.002338	152.597305	-1222.417847
368.442080	30.223263	154.935120	-1221.307373
368.444998	30.983051	156.922272	-1221.015137
368.448304	32.736412	157.565170	-1221.015137
368.451669	33.613091	160.136765	-1219.612549
368.454917	35.600235	161.247223	-1219.086426
368.458213	36.184689	161.714783	-1218.911133
368.461548	37.178261	163.175919	-1216.982422
368.464917	38.580948	164.870834	-1216.807129
368.468260	39.983635	165.805969	-1215.462891
368.471624	41.327881	167.325531	-1215.462891
368.474489	42.379898	168.436005	-1214.936890
368.477876	43.782585	169.955582	-1214.527710
368.481127	44.542374	171.299835	-1213.417236
368.484499	46.295734	172.293396	-1212.365234
368.487792	47.055527	173.286972	-1211.605469
368.491116	48.282875	174.163651	-1211.371704
368.494451	49.276447	175.274109	-1210.553467
368.497800	50.270020	177.144363	-1208.624756
368.500693	51.497368	177.787262	-1209.150757
368.504025	53.192284	179.131500	-1208.040283
368.507363	53.776741	179.891296	-1207.748047
368.510694	55.062538	181.235535	-1206.579102
368.514032	55.822327	182.053772	-1205.760986
368.517362	56.757454	183.573349	-1205.702515
368.520693	58.218590	184.216248	-1205.176514
368.524023	59.036819	185.209808	-1205.176514
368.527419	60.381065	186.320282	-1204.066040
368.530712	60.965515	187.547638	-1203.481567
368.534022	62.251320	188.248978	-1201.611328
368.537359	62.952660	189.534775	-1201.435913
368.540707	64.121567	190.002335	-1200.150269
368.544028	64.939804	190.995911	-1200.442383
368.547360	65.524254	191.521927	-1200.033325
368.550693	66.926941	192.573929	-1198.279907
368.554031	67.452950	193.567505	-1198.805908
368.557356	68.271187	194.093521	-1198.221558
368.560689	68.855637	194.853302	-1197.344727
368.564028	68.972534	196.022217	-1195.883667
368.567356	70.316772	197.717117	-1196.701904
368.570720	70.667442	197.717117	-1195.474487
368.574019	71.777908	198.535370	-1194.539307
368.577360	72.187027	199.587372	-1195.123901
368.580688	72.888367	200.171829	-1194.013428
368.584029	74.174164	200.873184	-1193.662720
368.587360	74.174164	201.632965	-1192.610718
368.590688	74.641731	201.866745	-1192.610718
368.594020	75.459961	202.392746	-1191.675537
368.597353	76.336647	203.678558	-1191.617065
368.600684	76.395096	204.789017	-1191.617065
368.604026	77.680893	205.841034	-1190.857300
368.607357	78.206894	206.016373	-1191.266479
368.610687	78.791351	207.126831	-1190.272949
368.614047	78.966690	207.302170	-1189.279419
368.617354	79.901817	207.945068	-1189.746826
368.620684	81.012276	208.646408	-1187.876587
368.624018	80.720047	209.055527	-1188.052002
368.627369	81.830505	209.815323	-1186.824585
368.630688	82.765633	210.341324	-1187.818115
368.634017	82.707191	210.925781	-1186.707642
368.638662	83.350082	212.094681	-1184.428345
368.642039	83.759209	212.328461	-1185.012817
368.644977	84.051430	213.088257	-1183.668579
368.648321	84.285210	213.731155	-1184.428345
368.651588	84.694328	213.555817	-1184.545288
368.654869	85.863235	213.964935	-1184.428345
368.658238	85.395676	214.081833	-1183.726929
368.661526	86.272354	215.075409	-1183.434814
368.664884	86.213905	215.075409	-1183.084106
368.668226	86.973701	215.601395	-1183.726929
368.671185	87.733490	215.542969	-1182.616577
368.674457	87.675041	216.244308	-1183.493286
368.677818	87.967270	216.244308	-1182.850342
368.681115	87.908829	216.653427	-1181.973633
368.684442	88.493279	216.711868	-1181.915161
368.687764	88.434830	216.887207	-1181.272339
368.691113	88.551720	217.296326	-1181.564575
368.694441	88.142609	217.763885	-1181.096924
368.697339	88.610168	217.880783	-1181.272339
368.700674	88.434830	218.582123	-1181.623047
368.704010	88.785500	218.523666	-1180.921631
368.707345	88.434830	218.640564	-1179.577393
368.710681	89.311516	218.640564	-1180.980103
368.714031	88.610168	218.523666	-1180.687866
368.717342	88.785500	218.874344	-1179.928101
368.720673	88.610168	218.932785	-1180.687866
368.724007	88.785500	219.225021	-1179.869629
368.727338	88.902397	220.043243	-1179.869629
368.730670	89.136177	219.575684	-1179.694336
368.734015	89.019287	219.225021	-1180.921631
368.737344	89.253067	219.575684	-1179.460571
368.740673	89.369957	219.341904	-1178.875977
368.744043	89.077736	219.225021	-1179.402100
368.747342	88.259499	219.400345	-1180.454102
368.750671	88.668610	219.575684	-1180.804687
368.754005	88.493279	219.283463	-1179.752686
368.757356	88.376389	219.283463	-1178.291626
368.760666	88.084160	219.283463	-1180.161865
368.764004	88.142609	218.640564	-1179.752686
368.767337	87.382812	218.699005	-1179.869629
368.770676	87.791939	218.640564	-1179.928101
368.774004	87.791939	218.757462	-1180.044922
368.777338	86.973701	218.757462	-1180.044922
368.780672	86.798363	218.231445	-1180.746338
368.784001	86.506142	218.348343	-1180.512573
368.787358	85.921684	217.997665	-1181.389282
368.790672	85.746346	217.763885	-1181.739868
368.794003	85.980125	217.471649	-1181.681396
368.797328	85.278786	217.237869	-1181.798340
368.800670	84.811226	217.705429	-1181.038574
368.804028	84.635880	217.120987	-1181.272339
368.807345	84.752777	216.711868	-1182.558105
368.810669	83.642319	216.302750	-1181.915161
368.814006	83.700760	216.478088	-1182.499756
368.817333	83.291641	215.835190	-1182.441284
368.820673	82.765633	215.075409	-1182.967163
368.824002	82.414963	215.075409	-1182.908813
368.827334	81.713615	214.432495	-1183.493286
368.830666	81.246056	214.257156	-1184.545288
368.835290	80.544708	213.438934	-1185.831055
368.838695	79.609581	213.672714	-1185.597290
368.841577	79.200470	212.737579	-1185.129761
368.844976	78.557571	212.679138	-1185.947876
368.848281	78.499123	212.503799	-1186.240234
368.851504	77.622444	212.094681	-1186.064819
368.854847	76.687317	211.685562	-1186.357056
368.858184	76.511986	210.808884	-1187.467529
368.861531	75.635300	210.107544	-1187.818115
368.864871	74.992401	209.230850	-1188.110474
368.867779	74.291054	208.821747	-1187.759766
368.871108	73.648163	208.354187	-1189.571533
368.874463	72.946815	207.477509	-1188.987061
368.877757	72.362366	207.535950	-1190.097534
368.881082	71.719460	207.126831	-1189.922241
368.884411	70.550552	206.542374	-1190.331421
368.887784	70.199883	206.250153	-1190.798828
368.891078	69.323204	205.081238	-1190.506714
368.893992	68.738747	204.146118	-1191.208008
368.897326	67.920517	203.561661	-1192.376953
368.900658	67.686737	202.626526	-1192.201660
368.903990	66.400932	202.042084	-1192.902954
368.907329	66.108711	200.756287	-1192.902954
368.910656	65.173584	200.171829	-1192.902954
368.913988	64.355347	199.528931	-1194.247192
368.917344	63.244888	199.178253	-1195.182373
368.920659	62.660431	197.717117	-1195.299194
368.923990	62.017532	197.483337	-1196.000610
368.927353	60.556396	196.665115	-1196.058960
368.930669	59.679718	196.139099	-1196.643433
368.933991	58.569260	195.145523	-1197.695435
368.937325	57.809471	194.151962	-1197.987671
368.940658	57.108124	193.509064	-1199.273437
368.943990	55.763885	192.398605	-1198.572144
368.947320	54.828758	191.931046	-1200.383911
368.950652	54.244301	190.762131	-1200.909912
368.953989	53.016953	189.885452	-1201.611328
368.957316	51.789597	189.008759	-1202.429443
368.960644	50.912918	188.073639	-1202.955566
368.963988	49.977791	187.138519	-1202.955566
368.967315	48.691994	186.378738	-1203.130859
368.970650	47.756866	186.028061	-1204.007568
368.973998	46.471069	184.917603	-1205.001221
368.977317	45.886616	183.865570	-1206.170044
368.980648	44.367035	182.287552	-1207.105225
368.983983	43.198132	181.527756	-1207.572754
368.987313	42.204559	180.300400	-1207.046753
368.990648	40.509644	179.423737	-1206.988281
368.993983	39.516075	178.722382	-1208.566284
368.997392	38.347168	176.793686	-1208.040283
369.000657	37.061367	175.975464	-1209.735229
369.004015	35.892460	175.215668	-1210.319580
369.007315	34.606663	173.286972	-1211.780762
369.010642	33.320866	172.410294	-1211.605469
369.013977	32.210403	171.299835	-1212.832886
369.017327	31.275278	170.247803	-1213.358765
369.020646	30.164818	168.786667	-1212.657471
369.023978	28.294565	167.676208	-1214.060181
